Province/State,Country/Region,3/14/2020,3/15/2020,3/16/2020,3/17/2020,3/18/2020,3/19/2020,3/20/2020,3/21/2020,3/22/2020,3/23/2020,3/24/2020,3/25/2020,3/26/2020,3/27/2020,3/28/2020,3/29/2020,3/30/2020,3/31/2020,4/1/2020,4/2/2020,4/3/2020,4/4/2020,4/5/2020,4/6/2020,4/7/2020,4/8/2020,4/9/2020,4/10/2020,4/11/2020,4/12/2020,4/13/2020,4/14/2020,4/15/2020,4/16/2020,4/17/2020,4/18/2020,4/19/2020,4/20/2020,4/21/2020,4/22/2020,4/23/2020,4/24/2020,4/25/2020,4/26/2020,4/27/2020,4/28/2020,4/29/2020,4/30/2020,5/1/2020,5/2/2020,5/3/2020,5/4/2020,5/5/2020,5/6/2020,5/7/2020,5/8/2020,5/9/2020,5/10/2020,5/11/2020,5/12/2020,5/13/2020,5/14/2020,5/15/2020,5/16/2020,5/17/2020,5/18/2020,5/19/2020,5/20/2020,5/21/2020,5/22/2020,5/23/2020,5/24/2020,5/25/2020,5/26/2020,5/27/2020,5/28/2020,5/29/2020,5/30/2020,5/31/2020,6/1/2020,6/2/2020,6/3/2020,6/4/2020,6/5/2020,6/6/2020,6/7/2020,6/8/2020,6/9/2020,6/10/2020,6/11/2020,6/12/2020,6/13/2020,6/14/2020,6/15/2020,6/16/2020,6/17/2020,6/18/2020,6/19/2020,6/20/2020,6/21/2020,6/22/2020,6/23/2020,6/24/2020,6/25/2020,6/26/2020,6/27/2020,6/28/2020,6/29/2020,6/30/2020,7/1/2020,7/2/2020,7/3/2020,7/4/2020,7/5/2020,7/6/2020,7/7/2020,7/8/2020,7/9/2020,7/10/2020,7/11/2020,7/12/2020,7/13/2020,7/14/2020,7/15/2020,7/16/2020,7/17/2020,7/18/2020,7/19/2020,7/20/2020,7/21/2020
Andaman and Nicobar Islands,India,0,0,0,0,0,0,0,0,0,0,0,0,0,0,0,0,0,0,0,0,0,0,0,0,0,0,0,0,0,0,0,0,0,0,0,0,0,0,0,0,0,0,0,0,0,0,0,0,0,0,0,0,0,0,0,0,0,0,0,0,0,0,0,0,0,0,0,0,0,0,0,0,0,0,0,0,0,0,0,0,0,0,0,0,0,0,0,0,0,0,0,0,0,0,0,0,0,0,0,0,0,0,0,0,0,0,0,0,0,0,0,0,0,0,0,0,0,0,0,0,0,0,0,0,0,0,0,0,0,0
Andhra Pradesh,India,0,0,0,0,0,0,0,0,0,0,0,0,0,0,0,0,0,0,0,0,1,0,0,2,1,0,2,0,0,1,0,4,3,0,0,2,1,3,2,2,3,2,2,0,0,0,0,0,2,0,0,0,1,2,2,3,3,1,0,1,1,1,0,1,1,0,2,1,1,1,1,0,0,1,1,1,1,0,2,2,0,4,3,2,0,2,0,2,1,2,0,2,2,2,2,2,2,4,5,5,5,8,10,7,10,11,12,11,7,6,5,8,12,14,7,13,12,13,15,17,19,37,43,44,40,42,52,56,54,62
Arunachal Pradesh,India,0,0,0,0,0,0,0,0,0,0,0,0,0,0,0,0,0,0,0,0,0,0,0,0,0,0,0,0,0,0,0,0,0,0,0,0,0,0,0,0,0,0,0,0,0,0,0,0,0,0,0,0,0,0,0,0,0,0,0,0,0,0,0,0,0,0,0,0,0,0,0,0,0,0,0,0,0,0,0,0,0,0,0,0,0,0,0,0,0,0,0,0,0,0,0,0,0,0,0,0,0,0,1,0,0,0,0,0,0,0,0,0,0,0,1,0,0,0,0,0,0,1,0,0,0,0,0,0,0,0
Assam,India,0,0,0,0,0,0,0,0,0,0,0,0,0,0,0,0,0,0,0,0,0,0,0,0,0,0,0,1,0,0,0,0,0,0,0,0,0,0,0,0,0,0,0,0,0,0,0,0,0,0,0,0,0,0,0,1,-1,0,0,0,0,0,0,0,0,2,0,0,0,0,0,0,0,0,0,0,0,0,0,0,0,0,0,0,0,0,0,1,1,0,2,0,0,0,0,0,1,0,0,0,0,0,0,0,0,1,1,0,1,0,2,0,0,0,0,2,6,5,8,2,4,4,6,2,2,1,2,4,1,6
Bihar,India,0,0,0,0,0,0,0,0,1,0,0,0,0,0,0,0,0,0,0,0,0,0,0,0,0,0,0,0,0,0,0,0,0,0,0,1,0,0,0,0,0,0,0,0,0,0,0,0,1,1,0,0,0,0,1,0,0,1,0,0,1,0,0,1,0,1,0,0,0,2,0,0,2,1,1,0,0,6,2,0,1,1,3,1,0,1,1,2,1,0,1,0,1,2,1,0,5,5,0,2,1,2,1,1,0,2,4,1,5,5,5,6,4,2,7,1,2,9,2,7,7,9,9,14,10,6,4,2,8,11
Chandigarh,India,0,0,0,0,0,0,0,0,0,0,0,0,0,0,0,0,0,0,0,0,0,0,0,0,0,0,0,0,0,0,0,0,0,0,0,0,0,0,0,0,0,0,0,0,0,0,0,0,0,0,1,0,0,0,0,1,0,1,0,0,0,0,0,0,0,0,0,0,0,0,0,1,0,0,0,0,0,0,0,0,1,0,0,0,0,0,0,0,0,0,0,0,0,1,0,0,0,0,0,0,0,0,0,0,0,0,0,0,0,0,0,0,0,0,0,1,0,0,0,1,0,0,2,1,0,0,1,0,0,0
Chhattisgarh,India,0,0,0,0,0,0,0,0,0,0,0,0,0,0,0,0,0,0,0,0,0,0,0,0,0,0,0,0,0,0,0,0,0,0,0,0,0,0,0,0,0,0,0,0,0,0,0,0,0,0,0,0,0,0,0,0,0,0,0,0,0,0,0,0,0,0,0,0,0,0,0,0,0,0,0,0,1,0,0,0,1,0,0,0,2,0,0,1,1,0,0,0,3,0,0,0,0,1,1,0,1,0,0,0,1,0,0,0,0,1,0,0,0,0,0,0,0,1,2,0,2,0,1,0,1,3,0,0,4,1
Daman and Diu,India,0,0,0,0,0,0,0,0,0,0,0,0,0,0,0,0,0,0,0,0,0,0,0,0,0,0,0,0,0,0,0,0,0,0,0,0,0,0,0,0,0,0,0,0,0,0,0,0,0,0,0,0,0,0,0,0,0,0,0,0,0,0,0,0,0,0,0,0,0,0,0,0,0,0,0,0,0,0,0,0,0,0,0,0,0,0,0,0,0,0,0,0,0,0,0,0,0,0,0,0,0,0,0,0,0,0,0,0,0,0,0,0,0,0,0,0,0,0,0,0,0,0,0,0,0,0,0,0,0,0
Delhi,India,1,0,0,0,0,0,0,0,0,0,0,0,0,0,0,1,0,0,0,2,2,0,1,0,2,0,3,2,5,5,4,2,2,6,4,1,2,2,0,1,2,3,1,0,0,0,2,3,2,3,0,0,0,1,1,2,0,5,0,13,20,9,8,6,19,12,6,10,18,14,23,30,15,12,15,13,82,18,57,50,33,59,44,49,53,51,62,31,79,101,129,57,56,73,437,67,65,66,77,63,58,68,64,64,63,66,65,57,62,61,61,59,81,63,48,50,48,45,42,34,37,40,35,41,58,26,26,31,35,27
Dadra and Nagar Haveli,India,0,0,0,0,0,0,0,0,0,0,0,0,0,0,0,0,0,0,0,0,0,0,0,0,0,0,0,0,0,0,0,0,0,0,0,0,0,0,0,0,0,0,0,0,0,0,0,0,0,0,0,0,0,0,0,0,0,0,0,0,0,0,0,0,0,0,0,0,0,0,0,0,0,0,0,0,0,0,0,0,0,0,0,0,0,0,0,0,0,0,0,0,0,0,0,0,0,0,0,0,0,0,0,0,0,0,0,0,0,0,0,0,0,0,0,1,0,0,0,0,0,0,0,1,0,0,0,0,0,0
Goa,India,0,0,0,0,0,0,0,0,0,0,0,0,0,0,0,0,0,0,0,0,0,0,0,0,0,0,0,0,0,0,0,0,0,0,0,0,0,0,0,0,0,0,0,0,0,0,0,0,0,0,0,0,0,0,0,0,0,0,0,0,0,0,0,0,0,0,0,0,0,0,0,0,0,0,0,0,0,0,0,0,0,0,0,0,0,0,0,0,0,0,0,0,0,0,0,0,0,0,0,0,1,1,0,0,0,0,1,0,0,1,0,0,2,1,0,1,0,1,0,3,2,3,1,0,1,2,0,1,1,3
Gujarat,India,0,0,0,0,0,0,0,0,1,0,0,0,2,0,1,1,1,0,0,1,2,1,1,1,2,2,2,1,3,2,2,2,5,3,5,12,10,8,19,13,9,15,6,18,11,19,16,17,22,26,28,29,49,28,29,24,23,21,20,24,29,20,20,19,34,35,25,30,24,29,27,29,30,27,23,22,20,27,31,25,29,30,33,35,29,30,31,33,34,38,31,33,29,28,28,27,31,27,20,25,21,26,25,18,18,18,19,19,20,21,19,18,21,18,17,17,16,15,14,10,13,10,14,10,10,17,19,20,20,34
Himachal Pradesh,India,0,0,0,0,0,0,0,0,0,1,0,0,0,0,0,0,0,0,0,0,1,0,0,0,0,0,0,0,0,0,0,0,0,0,0,0,0,0,0,0,0,0,0,0,0,0,0,0,0,0,0,0,1,0,0,0,0,0,0,0,0,0,0,0,0,0,1,0,0,0,0,0,0,0,2,0,0,0,0,0,0,0,0,0,0,0,0,0,1,0,0,0,0,0,0,0,0,0,0,0,0,0,0,1,0,0,0,0,1,0,0,0,1,0,0,0,0,0,0,0,0,0,0,0,0,0,0,0,0,1
Haryana,India,0,0,0,0,0,0,0,0,0,0,0,0,0,0,0,0,0,0,0,0,0,0,0,2,0,0,0,0,0,1,0,0,0,0,0,0,0,0,0,0,0,0,0,0,0,0,0,1,0,1,0,1,0,1,0,1,1,1,1,0,0,0,2,0,1,0,0,0,0,2,0,0,0,0,2,1,0,1,0,1,2,0,1,0,0,4,11,6,7,12,6,8,10,12,18,12,4,10,5,11,9,9,10,10,13,7,5,9,4,4,11,4,5,5,11,3,3,5,3,7,4,7,4,7,3,5,17,5,6,9
Jharkhand,India,0,0,0,0,0,0,0,0,0,0,0,0,0,0,0,0,0,0,0,0,0,0,0,0,0,0,1,0,0,1,0,0,0,0,0,0,0,0,0,0,1,0,0,0,0,0,0,0,0,0,0,0,0,0,0,0,0,0,0,0,0,0,0,0,0,0,0,0,0,0,0,1,0,0,0,0,1,0,0,0,0,0,1,1,0,0,0,1,0,0,0,0,0,1,0,1,1,0,0,0,0,0,1,0,0,0,0,3,0,0,0,0,3,1,1,2,0,1,0,1,7,2,3,2,4,4,2,1,4,8
Jammu and Kashmir,India,0,0,0,0,0,0,0,0,0,0,0,0,1,0,0,0,0,1,0,0,0,0,0,0,1,0,1,0,0,0,0,0,0,0,1,0,0,0,0,0,0,0,1,0,1,1,0,0,0,0,0,0,0,0,1,0,0,0,1,0,1,0,0,1,1,2,2,1,2,0,1,0,2,1,2,1,1,0,0,3,2,1,1,1,3,2,4,3,3,1,1,2,4,3,1,1,7,4,6,1,3,2,1,2,1,2,1,1,6,4,10,4,8,5,6,5,6,5,5,10,10,8,8,11,16,9,5,8,10,9
Karnataka,India,1,0,0,0,0,0,0,0,0,0,0,0,1,1,0,0,0,0,0,0,1,0,0,0,0,1,1,0,0,0,2,2,2,1,0,1,2,0,1,0,0,1,0,1,1,0,1,1,0,3,0,2,2,0,1,0,0,1,0,0,2,2,1,0,1,0,3,1,0,0,1,0,2,0,3,0,1,1,2,1,0,1,4,0,2,2,3,2,3,3,7,3,5,2,7,8,12,9,9,5,5,8,14,6,10,11,16,19,20,7,19,21,42,37,30,15,54,17,57,70,71,73,87,87,104,115,93,91,72,61
Kerela,India,0,0,0,0,0,0,0,0,0,0,0,0,0,0,1,0,0,1,0,0,0,0,0,0,0,0,0,0,1,0,0,0,0,0,0,0,0,0,0,0,0,1,0,0,0,0,0,0,0,0,0,0,0,0,0,0,0,0,0,0,0,0,0,0,0,0,0,0,0,1,0,1,0,1,0,1,1,1,0,1,1,0,3,0,1,0,1,0,1,1,1,0,0,1,0,0,1,0,0,0,0,1,0,0,0,0,0,1,1,1,0,0,0,0,2,0,0,0,0,2,2,2,1,1,2,1,2,2,1,1
Ladakh,India,0,0,0,0,0,0,0,0,0,0,0,0,0,0,0,0,0,0,0,0,0,0,0,0,0,0,0,0,0,0,0,0,0,0,0,0,0,0,0,0,0,0,0,0,0,0,0,0,0,0,0,0,0,0,0,0,0,0,0,0,0,0,0,0,0,0,0,0,0,0,0,0,0,0,0,0,0,0,0,0,1,0,0,0,0,0,0,0,0,0,0,0,0,0,0,0,0,0,0,0,0,0,0,0,0,0,0,0,0,0,0,0,0,0,0,0,0,0,0,0,0,0,0,0,0,1,0,0,0,0
Lakshadeep,India,0,0,0,0,0,0,0,0,0,0,0,0,0,0,0,0,0,0,0,0,0,0,0,0,0,0,0,0,0,0,0,0,0,0,0,0,0,0,0,0,0,0,0,0,0,0,0,0,0,0,0,0,0,0,0,0,0,0,0,0,0,0,0,0,0,0,0,0,0,0,0,0,0,0,0,0,0,0,0,0,0,0,0,0,0,0,0,0,0,0,0,0,0,0,0,0,0,0,0,0,0,0,0,0,0,0,0,0,0,0,0,0,0,0,0,0,0,0,0,0,0,0,0,0,0,0,0,0,0,0
Maharashtra,India,0,0,0,1,0,0,0,0,1,0,0,0,1,1,2,1,2,1,3,8,5,6,13,7,12,8,25,12,17,22,11,18,9,7,7,10,12,9,19,18,14,18,22,19,27,31,32,27,26,36,27,35,34,34,43,37,48,53,36,53,54,44,49,67,63,51,76,65,64,63,60,58,60,97,105,85,116,99,89,76,103,122,123,139,120,91,109,120,149,152,127,113,120,178,1409,114,100,142,91,186,113,248,208,192,175,167,156,181,245,198,125,198,295,151,204,224,198,219,226,223,173,193,213,233,266,258,144,258,176,246
Meghalaya,India,0,0,0,0,0,0,0,0,0,0,0,0,0,0,0,0,0,0,0,0,0,0,0,0,0,0,0,0,0,0,0,0,1,0,0,0,0,0,0,0,0,0,0,0,0,0,0,0,0,0,0,0,0,0,0,0,0,0,0,0,0,0,0,0,0,0,0,0,0,0,0,0,0,0,0,0,0,0,0,0,0,0,0,0,0,0,0,0,0,0,0,0,0,0,0,0,0,0,0,0,0,0,0,0,0,0,0,0,0,0,0,0,0,0,0,0,1,0,0,0,0,0,0,0,0,0,0,2,0,0
Manipur,India,0,0,0,0,0,0,0,0,0,0,0,0,0,0,0,0,0,0,0,0,0,0,0,0,0,0,0,0,0,0,0,0,0,0,0,0,0,0,0,0,0,0,0,0,0,0,0,0,0,0,0,0,0,0,0,0,0,0,0,0,0,0,0,0,0,0,0,0,0,0,0,0,0,0,0,0,0,0,0,0,0,0,0,0,0,0,0,0,0,0,0,0,0,0,0,0,0,0,0,0,0,0,0,0,0,0,0,0,0,0,0,0,0,0,0,0,0,0,0,0,0,0,0,0,0,0,0,0,0,0
Madha Pradesh,India,0,0,0,0,0,0,0,0,0,0,0,1,0,1,0,0,2,1,1,2,0,3,2,2,6,3,9,4,4,3,7,3,0,2,14,0,3,4,4,0,3,9,7,4,7,10,10,7,8,6,5,9,11,9,8,7,11,4,6,4,7,5,2,4,5,4,6,9,4,1,9,9,10,5,8,8,13,9,7,8,6,7,6,7,15,13,2,6,7,4,9,7,12,6,11,6,4,9,6,14,6,4,9,8,4,4,7,7,8,9,8,4,5,10,9,5,7,5,4,6,9,10,10,9,7,9,8,15,17,18
Mizoram,India,0,0,0,0,0,0,0,0,0,0,0,0,0,0,0,0,0,0,0,0,0,0,0,0,0,0,0,0,0,0,0,0,0,0,0,0,0,0,0,0,0,0,0,0,0,0,0,0,0,0,0,0,0,0,0,0,0,0,0,0,0,0,0,0,0,0,0,0,0,0,0,0,0,0,0,0,0,0,0,0,0,0,0,0,0,0,0,0,0,0,0,0,0,0,0,0,0,0,0,0,0,0,0,0,0,0,0,0,0,0,0,0,0,0,0,0,0,0,0,0,0,0,0,0,0,0,0,0,0,0
Nagaland,India,0,0,0,0,0,0,0,0,0,0,0,0,0,0,0,0,0,0,0,0,0,0,0,0,0,0,0,0,0,0,0,0,0,0,0,0,0,0,0,0,0,0,0,0,0,0,0,0,0,0,0,0,0,0,0,0,0,0,0,0,0,0,0,0,0,0,0,0,0,0,0,0,0,0,0,0,0,0,0,0,0,0,0,0,0,0,0,0,0,0,0,0,0,0,0,0,0,0,0,0,0,0,0,0,0,0,0,0,0,0,0,0,0,0,0,0,0,0,0,0,0,0,0,0,0,0,0,0,0,0
Odisha,India,0,0,0,0,0,0,0,0,0,0,0,0,0,0,0,0,0,0,0,0,0,0,0,0,1,0,0,0,0,0,0,0,0,0,0,0,0,0,0,0,0,0,0,0,0,0,0,0,0,0,0,0,1,0,0,0,1,0,0,0,0,0,0,0,1,0,1,1,1,0,0,0,0,0,0,0,2,0,0,0,0,0,0,1,0,1,0,0,0,1,1,0,1,0,0,0,0,0,1,4,2,3,0,0,0,1,3,2,2,1,2,2,6,3,2,6,7,6,6,6,5,7,5,5,2,6,3,7,6,8
Punjab,India,0,0,0,0,0,1,0,0,0,0,0,0,0,0,0,0,2,1,0,1,0,0,2,0,1,1,1,1,1,0,0,1,0,1,0,2,0,0,0,0,1,0,0,1,1,0,0,1,0,0,1,2,2,2,1,1,2,0,0,1,0,0,0,0,3,2,1,0,1,0,0,1,0,0,0,0,2,2,1,-1,2,1,0,1,2,1,2,2,0,4,4,2,2,4,1,6,5,9,6,1,2,4,8,7,2,6,5,5,6,5,3,5,5,2,5,6,3,5,4,8,4,5,9,8,9,9,7,8,8,1
Puducherry,India,0,0,0,0,0,0,0,0,0,0,0,0,0,0,0,0,0,0,0,0,0,0,0,0,0,0,0,0,0,0,0,0,0,0,0,0,0,0,0,0,0,0,0,0,0,0,0,0,0,0,0,0,0,0,0,0,0,0,0,0,0,0,0,0,0,0,0,0,0,0,0,0,0,0,0,0,0,0,0,0,0,0,0,0,0,0,0,0,0,2,1,0,1,0,0,1,1,1,0,1,0,1,0,0,0,1,1,0,1,0,0,1,1,0,0,0,0,2,1,1,0,0,0,3,1,3,3,0,1,1
Rajasthan,India,0,0,0,0,0,0,0,0,0,0,0,0,0,0,0,0,0,0,0,0,0,1,0,1,0,1,0,0,6,2,0,0,0,0,6,4,2,2,1,1,1,4,2,7,9,2,3,3,4,6,3,6,12,4,6,4,3,2,5,4,4,4,0,1,5,7,5,4,4,2,7,3,4,3,3,7,4,9,1,5,4,6,4,5,13,9,6,9,4,6,7,10,10,9,7,5,17,3,4,12,7,9,10,4,1,11,8,6,8,8,9,10,7,9,5,11,10,9,6,6,7,8,6,6,8,8,7,6,9,9
Sikkiim,India,0,0,0,0,0,0,0,0,0,0,0,0,0,0,0,0,0,0,0,0,0,0,0,0,0,0,0,0,0,0,0,0,0,0,0,0,0,0,0,0,0,0,0,0,0,0,0,0,0,0,0,0,0,0,0,0,0,0,0,0,0,0,0,0,0,0,0,0,0,0,0,0,0,0,0,0,0,0,0,0,0,0,0,0,0,0,0,0,0,0,0,0,0,0,0,0,0,0,0,0,0,0,0,0,0,0,0,0,0,0,0,0,0,0,0,0,0,0,0,0,0,0,0,0,0,0,0,0,0,0
Telengana,India,0,0,0,0,0,0,0,0,0,0,0,0,0,0,1,0,5,0,3,0,2,0,0,0,0,0,1,0,2,2,1,1,0,0,0,0,3,2,0,1,1,0,0,0,0,0,0,3,0,1,0,0,0,0,0,0,1,0,0,2,2,0,0,0,0,0,4,2,5,3,1,4,3,1,6,4,4,6,5,6,4,7,6,8,10,14,0,6,8,9,9,8,3,2,4,1,3,3,5,7,7,3,5,5,7,6,4,6,7,7,8,8,5,7,11,7,11,7,8,9,8,9,10,11,10,7,6,6,7,7
Tamil Nadu,India,0,0,0,0,0,0,0,0,0,0,1,0,0,0,0,0,0,0,0,0,0,2,2,1,1,1,0,1,1,1,0,1,2,1,0,0,0,2,1,0,2,2,1,1,0,1,2,0,1,1,1,1,2,2,2,3,4,3,6,8,3,2,5,4,4,3,3,3,7,4,5,8,7,11,6,12,9,6,13,11,13,8,15,12,19,18,17,18,19,23,18,30,38,44,49,48,49,41,38,53,37,39,33,45,46,68,54,62,60,63,57,64,65,60,61,65,64,65,64,69,68,66,67,68,69,79,88,78,70,75
Tripura,India,0,0,0,0,0,0,0,0,0,0,0,0,0,0,0,0,0,0,0,0,0,0,0,0,0,0,0,0,0,0,0,0,0,0,0,0,0,0,0,0,0,0,0,0,0,0,0,0,0,0,0,0,0,0,0,0,0,0,0,0,0,0,0,0,0,0,0,0,0,0,0,0,0,0,0,0,0,0,0,0,0,0,0,0,0,0,0,1,0,0,0,0,0,0,0,0,0,0,0,0,0,0,0,0,0,0,0,0,0,0,0,0,0,0,0,0,0,0,0,1,0,0,0,1,0,0,2,0,2,1
Uttar Pradesh,India,0,0,0,0,0,0,0,0,0,0,0,0,0,0,0,0,0,0,2,0,0,0,1,0,0,1,0,0,1,0,0,3,3,2,1,0,3,1,3,0,3,1,2,3,1,3,5,1,2,1,0,7,6,4,2,4,8,5,1,2,4,2,7,9,8,6,5,4,11,14,3,6,8,8,5,15,4,12,4,5,7,1,15,12,11,7,8,18,20,24,20,20,14,18,18,30,23,19,22,21,19,19,8,15,19,19,11,12,25,21,17,14,24,12,24,18,18,17,27,24,21,21,28,29,34,38,24,38,46,37
Uttarakhand,India,0,0,0,0,0,0,0,0,0,0,0,0,0,0,0,0,0,0,0,0,0,0,0,0,0,0,0,0,0,0,0,0,0,0,0,0,0,0,0,0,0,0,0,0,0,0,0,0,1,0,0,0,0,0,0,0,0,0,0,0,0,0,0,0,0,0,0,0,0,0,0,2,1,0,0,0,0,1,0,0,2,1,2,1,0,2,0,0,2,1,5,2,1,0,1,1,0,0,1,0,1,2,5,1,1,0,1,1,2,0,1,0,0,0,0,1,3,0,0,0,1,2,1,0,0,1,1,0,3,0
West Bengal,India,0,0,0,0,0,0,0,0,0,1,0,0,0,0,0,0,1,1,0,0,0,0,0,0,0,2,0,0,0,2,0,0,0,3,0,2,0,0,3,0,0,3,0,2,0,2,0,11,8,7,74,11,7,4,7,9,11,14,5,8,9,8,10,7,6,6,6,3,6,6,4,3,6,5,6,6,7,7,8,8,10,10,10,11,17,13,9,10,17,10,9,12,12,10,10,11,12,11,11,15,14,11,11,15,10,13,10,14,15,15,16,18,19,21,22,25,23,27,26,26,26,24,24,20,23,26,27,36,35,35
