Province/State,Country/Region,3/14/2020,3/15/2020,3/16/2020,3/17/2020,3/18/2020,3/19/2020,3/20/2020,3/21/2020,3/22/2020,3/23/2020,3/24/2020,3/25/2020,3/26/2020,3/27/2020,3/28/2020,3/29/2020,3/30/2020,3/31/2020,04/01/2020,04/02/2020,04/03/2020,04/04/2020,04/05/2020,04/06/2020,04/07/2020,04/08/2020,04/09/2020,04/10/2020,04/11/2020,04/12/2020,04/13/2020,04/14/2020,04/15/2020,04/16/2020,04/17/2020,04/18/2020,04/19/2020,04/20/2020,04/21/2020,04/22/2020,04/23/2020,04/24/2020,04/25/2020,04/26/2020,04/27/2020,04/28/2020,04/29/2020,04/30/2020,05/01/2020,05/02/2020,05/03/2020,05/04/2020,05/05/2020,05/06/2020,05/07/2020,05/08/2020,05/09/2020,05/10/2020,05/11/2020,05/12/2020,05/13/2020,05/14/2020,05/15/2020,05/16/2020,05/17/2020,05/18/2020,05/19/2020,05/20/2020,05/21/2020,05/22/2020,05/23/2020,05/24/2020
Andaman and Nicobar Islands,India,0,0,0,0,0,0,0,0,0,0,0,0,0,0,0,0,0,0,0,0,0,0,0,0,0,0,10,0,0,0,0,0,0,1,0,0,0,0,0,0,0,0,0,0,0,4,0,1,0,10,6,0,0,0,1,0,0,0,0,0,0,0,0,0,0,0,0,0,0,0,0,0
Andhra Pradesh,India,0,0,0,0,0,0,0,0,0,0,0,1,,0,0,0,0,0,1,0,0,0,3,0,0,1,4,0,0,2,0,4,4,0,15,7,23,27,4,24,21,4,26,60,4,23,29,34,82,38,47,36,65,140,51,62,45,38,73,58,86,50,60,101,103,96,69,43,41,26,48,62
Arunachal Pradesh,India,0,0,0,0,0,0,0,0,0,0,0,0,0,0,0,0,0,0,0,0,0,0,0,0,0,0,0,0,0,0,0,0,1,0,0,0,0,0,0,0,0,0,0,0,0,0,0,0,0,0,0,0,0,0,0,0,0,0,0,0,0,0,0,0,0,0,0,0,0,0,0,0
Assam,India,0,0,0,0,0,0,0,0,0,0,0,0,0,0,0,0,0,0,0,0,0,0,0,0,0,0,0,0,0,0,0,0,2,3,4,3,5,2,0,0,0,0,0,8,0,0,2,0,4,0,0,0,0,2,0,0,0,0,5,0,0,0,1,0,1,0,0,7,6,0,2,1
Bihar,India,0,0,0,0,0,0,0,0,0,0,0,0,0,0,0,0,0,0,0,3,0,0,0,6,6,0,0,0,0,11,2,1,0,8,0,5,0,0,0,0,2,0,1,11,0,8,0,20,14,19,7,3,31,0,60,49,51,36,23,5,18,12,28,33,0,44,0,54,0,58,24,49
Chandigarh,India,0,0,0,0,0,0,0,0,0,0,0,0,0,0,0,0,0,0,0,0,0,3,2,0,2,0,0,0,0,0,0,0,2,0,0,0,4,1,0,0,0,1,0,2,0,0,0,1,0,1,0,2,0,0,0,0,3,0,4,2,0,7,3,11,0,3,3,79,42,0,1,0
Chhattisgarh,India,0,0,0,0,0,0,0,0,0,0,0,0,0,0,0,0,0,2,0,1,0,0,5,0,1,0,0,0,0,0,0,3,4,6,1,1,0,0,0,3,2,0,2,0,0,2,0,2,0,0,0,0,0,0,0,2,5,6,4,1,1,1,0,2,1,0,0,0,0,3,2,0
Daman and Diu,India,0,0,0,0,0,0,0,0,0,0,0,0,0,0,0,0,0,0,0,0,0,0,0,0,0,0,0,0,0,0,0,0,0,0,0,0,0,0,0,0,0,0,0,0,0,0,0,0,0,0,0,0,0,0,0,0,0,0,0,0,0,0,0,0,0,0,0,0,0,0,0,0
Delhi,India,1,1,0,0,0,1,2,0,0,0,1,0,0,0,0,0,0,0,0,2,0,8,0,0,4,1,4,2,0,1,3,0,10,11,20,135,83,141,180,113,84,49,12,8,0,201,14,2,73,89,106,69,37,74,389,89,0,49,60,383,346,187,473,408,276,283,265,442,375,330,370,273
Dadra and Nagar Haveli,India,0,0,0,0,0,0,0,0,0,0,0,0,0,0,0,0,0,0,0,0,0,0,0,0,0,0,0,0,0,0,0,0,0,0,0,0,0,0,0,0,0,0,0,0,0,0,0,0,0,0,0,0,0,0,0,0,0,0,0,1,0,0,0,0,0,0,0,0,0,0,0,0
Goa,India,0,0,0,0,0,0,0,0,0,0,0,0,0,0,0,0,0,0,0,0,0,0,0,0,0,0,0,1,4,0,0,0,1,0,0,0,1,0,0,0,0,0,0,0,0,0,0,0,0,0,0,0,0,0,0,0,0,0,0,0,0,0,0,0,0,0,0,0,0,9,0,0
Gujarat,India,0,0,0,0,0,0,0,0,0,0,0,0,0,0,0,1,2,2,0,5,0,0,8,1,3,0,1,7,11,0,10,5,5,9,13,7,12,26,8,40,79,7,17,31,81,40,93,86,123,160,146,153,186,119,209,163,219,454,235,466,316,191,282,273,191,305,239,176,269,392,289,243
Himachal Pradesh,India,0,0,0,0,0,0,0,0,0,0,0,0,0,1,1,0,0,0,0,0,0,0,0,0,0,0,0,0,6,4,0,1,0,3,0,0,0,0,0,0,2,0,4,0,3,0,0,3,2,3,1,0,0,0,0,0,1,0,0,0,0,0,0,4,1,2,5,3,5,0,2,2
Haryana,India,0,0,0,0,0,0,0,0,0,11,0,0,0,0,0,0,6,0,10,0,0,1,0,1,1,1,1,4,0,8,7,4,2,8,21,14,4,37,6,11,12,16,5,8,14,11,1,10,6,1,3,9,2,4,0,19,11,10,37,5,76,21,25,50,48,36,29,21,33,25,44,15
Jharkhand,India,0,0,0,0,0,0,0,0,0,0,0,0,0,0,0,0,0,0,0,0,0,0,0,0,0,0,0,0,0,0,0,0,0,0,0,0,0,4,0,0,4,0,0,5,4,2,0,0,2,1,5,0,6,4,4,0,37,0,0,1,8,0,10,16,0,14,0,2,7,0,5,7
Jammu and Kashmir,India,0,0,0,0,0,0,0,0,0,0,0,1,0,0,0,0,0,0,1,1,0,0,1,0,0,2,0,0,0,0,10,14,6,2,4,9,5,15,10,11,0,17,3,25,27,12,16,24,31,7,33,16,17,2,13,29,4,15,44,28,11,19,28,29,33,34,38,31,6,36,54,35
Karnataka,India,0,0,0,0,0,0,1,0,0,1,1,0,0,2,0,0,1,2,1,2,0,0,0,8,5,3,2,4,5,15,6,11,9,2,6,16,7,1,17,2,14,7,6,24,11,14,9,13,22,20,22,28,10,23,12,10,10,36,4,7,18,9,20,16,13,21,13,13,15,26,11,46
Kerela,India,3,0,0,0,0,0,0,0,0,0,1,0,7,0,1,4,4,4,2,2,14,8,6,3,12,13,13,27,19,36,19,13,7,27,10,2,13,21,16,1,8,15,7,4,13,4,10,14,9,8,1,61,0,7,5,10,1,4,0,0,1,3,0,4,0,0,0,5,8,2,3,5
Ladakh,India,0,0,0,0,0,0,0,0,0,0,0,0,0,3,0,0,0,0,0,0,0,0,0,7,0,0,0,1,0,0,1,0,0,2,0,0,0,0,0,0,2,0,0,0,0,0,1,0,0,0,0,0,0,0,0,1,0,3,1,0,0,0,2,0,0,19,0,0,0,0,0,0
Lakshadeep,India,0,0,0,0,0,0,0,0,0,0,0,0,0,0,0,0,0,0,0,0,0,0,0,0,0,0,0,0,0,0,0,0,0,0,0,0,0,0,0,0,0,0,0,0,0,0,0,0,0,0,0,0,0,0,0,0,0,0,0,0,0,0,0,0,0,0,0,0,0,0,0,0
Maharashtra,India,0,0,0,0,0,0,0,0,0,0,0,1,0,18,6,0,14,0,0,3,8,2,4,14,9,38,8,63,20,9,12,30,36,5,31,34,142,65,150,67,51,117,119,112,94,106,205,180,106,121,115,350,354,275,207,169,330,399,587,339,422,542,475,524,600,749,1202,679,1408,857,821,1196
Meghalaya,India,0,0,0,0,0,0,0,0,0,0,0,0,0,0,0,0,0,0,0,0,0,0,0,0,0,0,0,0,0,0,0,0,0,0,0,0,0,0,0,0,0,0,0,0,0,0,0,0,10,0,0,0,0,0,0,0,0,0,0,0,1,0,0,0,0,1,0,0,0,0,0,0
Manipur,India,0,0,0,0,0,0,0,0,0,0,0,0,0,0,0,0,0,0,0,0,0,0,0,1,0,0,0,0,0,0,0,0,0,0,0,0,0,1,0,0,0,0,0,0,0,0,0,0,0,0,0,0,0,0,0,0,0,0,0,0,0,0,0,0,0,0,0,0,0,0,0,2
Madha Pradesh,India,0,0,0,0,0,0,0,0,0,0,0,0,0,0,0,0,0,0,0,0,0,0,3,8,10,4,0,0,1,3,10,13,0,6,0,57,4,7,10,4,51,7,71,21,55,16,88,21,42,100,174,58,144,99,132,118,131,196,71,113,144,167,112,32,88,32,196,103,110,245,178,141
Mizoram,India,0,0,0,0,0,0,0,0,0,0,0,0,0,0,0,0,0,0,0,0,0,0,0,0,0,0,0,0,0,0,0,0,0,0,0,0,0,0,0,0,0,0,0,0,0,0,0,0,0,0,0,0,1,0,0,0,0,0,0,0,0,0,0,0,0,0,0,0,0,0,0,0
Nagaland,India,0,0,0,0,0,0,0,0,0,0,0,0,0,0,0,0,0,0,0,0,0,0,0,0,0,0,0,0,0,0,0,0,0,0,0,0,0,0,0,0,0,0,0,0,0,0,0,0,0,0,0,0,0,0,0,0,0,0,0,0,0,0,0,0,0,0,0,0,0,0,0,0
Odisha,India,0,0,0,0,0,0,0,0,0,0,0,0,0,0,0,0,0,0,1,0,1,0,0,0,0,0,0,0,0,0,6,0,1,0,2,3,0,0,5,2,1,0,1,1,2,1,1,2,14,1,4,0,0,1,1,1,5,0,17,31,27,15,8,30,24,57,30,36,50,43,61,53
Punjab,India,0,0,0,0,0,0,0,0,0,0,0,0,0,1,0,0,0,0,0,0,0,2,1,0,10,0,4,2,0,3,2,2,0,2,1,1,6,1,11,4,13,4,2,12,14,3,0,3,4,4,5,11,5,2,14,3,5,9,2,3,29,23,82,952,109,181,95,152,25,28,23,28
Puducherry,India,0,0,0,0,0,0,0,0,0,0,0,0,0,0,0,0,0,0,0,0,0,0,0,0,1,0,0,0,0,0,0,0,0,0,0,3,0,0,0,0,0,0,0,0,1,0,0,0,0,0,1,0,0,0,0,2,0,1,0,0,0,0,0,0,0,0,1,0,0,0,0,2
Rajasthan,India,1,2,0,0,0,0,0,0,0,0,0,0,0,0,0,0,0,0,0,0,0,22,0,0,0,20,15,0,56,0,0,26,0,17,19,17,5,0,69,70,107,42,20,116,115,26,44,79,223,126,114,82,87,214,150,122,151,79,83,130,119,65,91,215,111,163,119,53,81,195,106,62
Sikkiim,India,0,0,0,0,0,0,0,0,0,0,0,0,0,0,0,0,0,0,0,0,0,0,0,0,0,0,0,0,0,0,0,0,0,0,0,0,0,0,0,0,0,0,0,0,0,0,0,0,0,0,0,0,0,0,0,0,0,0,0,0,0,0,0,0,0,0,0,0,0,0,0,0
Telengana,India,0,1,0,0,0,0,0,0,0,0,0,0,0,0,0,0,13,0,0,3,15,0,0,12,0,0,0,0,51,7,0,7,8,69,0,0,0,0,8,0,58,39,16,9,16,42,35,33,22,35,46,40,43,20,45,34,24,0,50,21,117,13,7,12,21,10,9,2,23,7,25,24
Tamil Nadu,India,0,0,1,0,0,0,0,0,0,0,0,0,0,1,0,0,2,2,0,0,0,2,0,5,6,2,6,17,0,6,8,23,37,62,103,82,46,46,178,27,90,114,94,60,54,54,82,48,54,29,38,30,76,31,31,58,219,135,92,83,41,65,359,939,634,234,489,987,400,846,363,833
Tripura,India,0,0,0,0,0,0,0,0,0,0,0,0,0,0,0,0,0,0,0,0,0,0,0,0,0,0,0,0,0,0,0,0,1,0,0,0,0,0,0,0,1,0,0,0,0,0,0,0,0,0,0,0,0,0,0,0,0,0,0,0,0,27,13,22,21,4,27,0,32,4,0,13
Uttar Pradesh,India,4,0,0,1,0,4,0,0,0,0,2,0,0,0,0,0,6,0,0,0,0,4,0,0,0,10,0,1,13,0,4,1,7,11,14,26,19,13,22,11,33,20,35,66,72,63,48,41,103,44,56,48,185,143,120,137,112,154,105,115,92,107,93,276,195,147,135,148,138,120,82,132
Uttarakhand,India,0,0,0,0,0,0,0,0,0,0,0,0,0,0,1,0,1,0,0,0,0,0,2,0,0,1,0,0,0,0,2,2,0,0,0,0,2,7,0,4,1,1,1,0,0,0,2,8,1,2,0,0,0,0,0,6,1,0,0,0,0,4,1,0,1,0,0,1,0,0,2,3
West Bengal,India,0,0,0,0,0,0,0,0,0,0,0,0,0,0,0,0,0,3,0,0,0,0,7,0,3,0,3,0,0,3,10,7,1,5,9,4,7,4,7,0,6,24,0,2,0,4,10,5,15,12,-19,86,46,1,31,27,49,45,82,113,90,66,61,63,67,47,68,62,57,28,60,58
